#!/bin/bash
for dist in 0.251 0.252 0.253 0.254 0.255 0.260 0.265 0.268 0.270 0.272 0.275;
do
    mkdir dist_$dist
    cp launchcrys17 dist_$dist
    cat << EOR > dist_$dist/run.d12
K2CuF4 Cmca FM en el plano, PW1PW
CRYSTAL                                             
0 0 0                                               
64                                                  
12.7605  5.8655  5.865    Average FM and AFM opts Cmca
4                                                   
29   0.0000    0.0000    0.0000                     
19   0.3568    0.0000    0.0000                     
9    0.1431    0.0000    0.0000                     
9    0.0000    $dist     $dist                      
SUPERCON                                            
1 0 0                                               
0 1 0                                               
0 0 1                                               
MODISYMM                                            
4                                                   
1 1                                                 
3 2                                                 
2 1                                                 
4 2                                                 
ENDG                                                
29 14                   Cu_pob_TZVP_rev2
0 0 8 2.0 1.0                           
  377518.79923      0.00022811766128    
  56589.984311      0.00176880359310    
  12878.711706      0.00919934602270    
  3645.3752143      0.03741101643400    
  1187.0072945      0.12189873737000    
  426.46421902      0.28983900714000    
  165.70660164      0.41531872174000    
  65.598942707      0.21905799287000    
0 0 4 2.0 1.0                           
  414.41265811     -0.02468252505300    
  128.32056039     -0.11716827406000    
  20.622089750      0.55301315941000    
  8.7821226045      0.52242718609000    
0 0 2 2.0 1.0                           
  13.741372006     -0.22736061821000    
  2.2431246833      0.71761210873000    
0 0 1 0.0 1.0                           
  1.1152953200      1.00000000000000    
0 0 1 0.0 1.0                           
  0.4076476600      1.00000000000000    
0 0 1 0.0 1.0                           
  0.1768011100      1.00000000000000    
0 2 6 6.0 1.0                           
  2034.7596692      0.00235248222980    
  481.90468106      0.01913407075100    
  154.67482963      0.09017110527800    
  57.740576969      0.26063284735000    
  23.099052811      0.42093485770000    
  9.3882478591      0.24344615121000    
0 2 3 6.0 1.0                           
  37.596171210     -0.02899109453000    
  5.1240690810      0.54919083831000    
  2.0119996085      0.93793330488000    
0 2 1 0.0 1.0                           
  1.4641814000      1.00000000000000    
0 2 1 0.0 1.0                           
  0.7320907000      1.00000000000000    
0 3 4 9.0 1.0                           
  74.129460637      0.01436321667600    
  21.359842587      0.08662817709600    
  7.4995240537      0.25631430541000    
  2.7601394169      0.40374062368000    
0 3 1 0.0 1.0                           
  1.1592938300      1.00000000000000    
0 3 1 0.0 1.0                           
  0.4355722500      1.00000000000000    
0 4 1 0.0 1.0                           
  2.2330000000      1.00000000000000    
19 11                          K_pob_TZVP_rev2
0 0 8 2.0 1.0                                 
  153976.183250      0.00023662636107         
  23082.4976720      0.00183429291370         
  5253.23447450      0.00953105277690         
  1486.95501330      0.03863840698000         
  484.063337260      0.12480768502000         
  173.566539800      0.29278861009000         
  67.1163814640      0.40633425860000         
  26.3395020540      0.20077215860000         
0 0 4 2.0 1.0                                 
  172.876935670     -0.02420096093600         
  53.0586490630     -0.11553095040000         
  7.92127539640      0.57455545175000         
  3.21088804720      0.57023185107000         
0 0 2 2.0 1.0                                 
  4.56620708950     -0.22615763466000         
  0.70209907282      0.75528392045000         
0 0 1 0.0 1.0                                 
  0.91009660000      1.00000000000000         
0 0 1 0.0 1.0                                 
  0.31839021000      1.00000000000000         
0 0 1 0.0 1.0                                 
  0.12000178000      1.00000000000000         
0 2 6 6.0 1.0                                 
  728.184498730      0.00261506897920         
  172.132650610      0.02067363083500         
  54.8298470750      0.09320560387000         
  20.1662664940      0.25436518210000         
  7.86107288060      0.39131132810000         
  3.11052131320      0.22481345943000         
0 2 3 6.0 1.0                                 
  11.7573374920     -0.02577728921700         
  1.51396174110      0.57359428604000         
  0.58328591795      1.07983200020000         
0 2 1 0.0 1.0                                 
  0.31652437000      1.00000000000000         
0 2 1 0.0 1.0                                 
  0.12001438000      1.00000000000000         
0 3 1 0.0 1.0                                 
  0.22518836000      1.00000000000000         
9 8                        F_pob_TZVP_rev2
0 0 6 2.0 1.0                             
  35479.100441      0.00021545014888      
  5318.4728983      0.00167006865270      
  1210.4810975      0.00867332114760      
  342.85518140      0.03504993317500      
  112.01943181      0.11165320133000      
  40.714740248      0.25988506647000      
0 0 2 2.0 1.0                             
  16.039678111      0.39422966880000      
  6.5038186740      0.24998238551000      
0 0 1 0.0 1.0                             
  1.4420074900      1.00000000000000      
0 0 1 0.0 1.0                             
  0.4597725800      1.00000000000000      
0 2 4 6.0 1.0                             
  80.233900483      0.00636859991340      
  18.594010743      0.04430314353000      
  5.6867902653      0.16867248708000      
  1.9511006294      0.36166346255000      
0 2 1 0.0 1.0                             
  0.6922845200      1.00000000000000      
0 2 1 0.0 1.0                             
  0.1983553200      1.00000000000000      
0 3 1 0.0 1.0                             
  1.0631263500      1.00000000000000      
99 0                                      
ENDBS                                     
DFT        
EXCHANGE   
PWGGA      
CORRELAT   
PWGGA      
HYBRID     
20         
NONLOCAL   
1.0 1.0    
SPIN       
XLGRID     
END        
SCFDIR     
TOLINTEG   
9 9 9 9 18 
SHRINK     
0 8        
4 8 8      
MAXCYCLE   
250        
LEVSHIFT   
3 1        
TOLDEE     
9          
FMIXING    
90         
SPINLOCK   
4 250      
ATOMSPIN   
4          
1 +1       
3 +1       
2 +1       
4 +1       
BIPOSIZE   
4500000    
EXCHSIZE   
4000000    
MULPOPAN   
END        

EOR
    cd dist_$dist
    ./launchcrys17
    cd ..
done
